POS: 2
UN1: 80
UN2: 25

# UNKNOWN ACHUNK
ACHUNK: 345, (580,  90,  30,  40), ( 30, 128)

# STATIC ACHUNKS
ACHUNK:  40, (  0,   0,   8,  32), (120,   5)
ACHUNK: 120, (  0,   0, 256,  32), (225, 408)

# GLYPH ACHUNKS (11)
ACHUNK:  90, (  0,   0,  12,  64), (120, 352)
ACHUNK:  95, ( 12,   0,  38,  64), (132, 352)
ACHUNK: 100, ( 38,   0,  49,  64), (158, 352)
ACHUNK: 105, ( 49,   0,  82,  64), (169, 352)
ACHUNK: 115, ( 82,   0, 117,  64), (212, 352)
ACHUNK: 120, (117,   0, 150,  64), (247, 352)
ACHUNK: 130, (150,   0, 179,  64), (290, 352)
ACHUNK: 135, (179,   0, 212,  64), (319, 352)
ACHUNK: 140, (212,   0, 233,  64), (352, 352)
ACHUNK: 145, (233,   0, 266,  64), (373, 352)
ACHUNK: 150, (266,   0, 292,  64), (406, 352)

COLOR0: #C8BE8C
COLOR1: #FFFF64
