POS: 2
UN1: 90
UN2: 30

# UNKNOWN ACHUNK
ACHUNK: 340, (480,  90,  30,  30), ( 20, 128)

# STATIC ACHUNKS
ACHUNK:  40, (  0,   0,   8,  32), (120,   5)
ACHUNK: 120, (  0,   0, 256,  32), (270, 410)

# GLYPH ACHUNKS (11)
ACHUNK:  89, (  0,   0,  33,  64), (120, 354)
ACHUNK:  93, ( 33,   0,  69,  64), (153, 354)
ACHUNK:  97, ( 69,   0,  95,  64), (189, 354)
ACHUNK: 101, ( 95,   0, 129,  64), (215, 354)
ACHUNK: 105, (129,   0, 160,  64), (249, 354)
ACHUNK: 109, (160,   0, 193,  64), (280, 354)
ACHUNK: 117, (193,   0, 228,  64), (323, 354)
ACHUNK: 121, (228,   0, 261,  64), (358, 354)
ACHUNK: 129, (261,   0, 327,  64), (401, 354)
ACHUNK: 133, (327,   0, 360,  64), (467, 354)
ACHUNK: 137, (360,   0, 417,  64), (500, 354)

COLOR0: #C8BE8C
COLOR1: #FFFF64
