POS: 2
UN1: 80
UN2: 30

# UNKNOWN ACHUNK
ACHUNK: 340, (500,  90,  30,  30), ( 30, 128)

# STATIC ACHUNKS
ACHUNK:  40, (  0,   0,   8,  32), (120,   5)
ACHUNK: 120, (  0,   0, 256,  32), (263, 410)

# GLYPH ACHUNKS (7)
ACHUNK: 100, (  0,   0,  50,  64), (120, 351)
ACHUNK: 120, ( 50,   0,  96,  64), (179, 351)
ACHUNK: 130, ( 96,   0, 142,  64), (225, 351)
ACHUNK: 140, (142,   0, 205,  64), (270, 351)
ACHUNK: 160, (205,   0, 287,  64), (341, 351)
ACHUNK: 170, (287,   0, 396,  64), (424, 351)
ACHUNK: 180, (396,   0, 480,  64), (533, 351)

COLOR0: #C8BE8C
COLOR1: #FFFF64
