POS: 2
UN1: 80
UN2: 25

# UNKNOWN ACHUNK
ACHUNK: 340, (460,  90,  30,  40), ( 20, 128)

# STATIC ACHUNKS
ACHUNK:  50, (  0,   0, 256,  32), (120, 375)
ACHUNK: 120, (  0,   0, 512,  32), (172, 408)

# GLYPH ACHUNKS (7)
ACHUNK:  95, (  0,   0,  38,  64), (376, 353)
ACHUNK: 110, ( 38,   0,  71,  64), (414, 353)
ACHUNK: 125, ( 71,   0,  83,  64), (447, 353)
ACHUNK: 140, ( 83,   0, 106,  64), (459, 353)
ACHUNK: 155, (106,   0, 138,  64), (482, 353)
ACHUNK: 170, (138,   0, 169,  64), (514, 353)
ACHUNK: 185, (169,   0, 190,  64), (545, 353)

COLOR0: #C8BE8C
COLOR1: #FFFF64
