POS: 2
UN1: 80
UN2: 30

# UNKNOWN ACHUNK
ACHUNK: 340, (480,  90,  40,  40), ( 20, 128)

# STATIC ACHUNKS
ACHUNK:  40, (  0,   0,   8,  32), (120,   5)
ACHUNK: 120, (  0,   0, 256,  32), (270, 410)

# GLYPH ACHUNKS (10)
ACHUNK:  85, (  0,   0,  44,  64), (120, 352)
ACHUNK:  90, ( 44,   0,  73,  64), (164, 352)
ACHUNK:  95, ( 73,   0, 117,  64), (193, 352)
ACHUNK: 100, (117,   0, 169,  64), (237, 352)
ACHUNK: 105, (169,   0, 217,  64), (289, 352)
ACHUNK: 115, (217,   0, 272,  64), (345, 352)
ACHUNK: 125, (272,   0, 343,  64), (408, 352)
ACHUNK: 130, (343,   0, 397,  64), (480, 352)
ACHUNK: 135, (397,   0, 436,  64), (533, 352)
ACHUNK: 140, (436,   0, 480,  64), (572, 352)

COLOR0: #C8BE8C
COLOR1: #FFFF64
