POS: 2
UN1: 80
UN2: 30

# UNKNOWN ACHUNK
ACHUNK: 340, (430,  90,  40,  40), ( 20, 128)

# STATIC ACHUNKS
ACHUNK:  40, (  0,   0,   8,  32), (120,   5)
ACHUNK: 120, (  0,   0, 256,  32), (242, 410)

# GLYPH ACHUNKS (10)
ACHUNK:  95, (  0,   0,  38,  64), (120, 354)
ACHUNK: 100, ( 38,   0,  74,  64), (155, 354)
ACHUNK: 105, ( 74,   0,  95,  64), (191, 354)
ACHUNK: 110, ( 95,   0, 116,  64), (212, 354)
ACHUNK: 115, (116,   0, 149,  64), (233, 354)
ACHUNK: 125, (149,   0, 184,  64), (276, 354)
ACHUNK: 130, (184,   0, 217,  64), (311, 354)
ACHUNK: 140, (217,   0, 254,  64), (354, 354)
ACHUNK: 145, (254,   0, 287,  64), (391, 354)
ACHUNK: 150, (287,   0, 336,  64), (424, 354)

COLOR0: #C8BE8C
COLOR1: #FFFF64
