POS: 2
UN1: 80
UN2: 30

# UNKNOWN ACHUNK
ACHUNK: 340, (490,  90,  30,  30), ( 20, 128)

# STATIC ACHUNKS
ACHUNK:  40, (  0,   0,   8,  32), (120,   5)
ACHUNK: 120, (  0,   0, 256,  32), (210, 410)

# GLYPH ACHUNKS (12)
ACHUNK:  85, (  0,   0,  43,  64), (120, 354)
ACHUNK:  90, ( 43,   0,  76,  64), (163, 354)
ACHUNK:  95, ( 76,   0, 110,  64), (196, 354)
ACHUNK: 100, (110,   0, 143,  64), (230, 354)
ACHUNK: 105, (143,   0, 164,  64), (263, 354)
ACHUNK: 110, (164,   0, 195,  64), (284, 354)
ACHUNK: 115, (195,   0, 228,  64), (315, 354)
ACHUNK: 125, (228,   0, 296,  64), (358, 354)
ACHUNK: 135, (296,   0, 370,  64), (436, 354)
ACHUNK: 140, (370,   0, 393,  64), (510, 354)
ACHUNK: 145, (393,   0, 441,  64), (533, 354)
ACHUNK: 150, (441,   0, 472,  64), (581, 354)

COLOR0: #C8BE8C
COLOR1: #FFFF64
