POS: 1
UN1: 100
UN2: 130

# UNKNOWN ACHUNK
ACHUNK:  15, (480,  90,  40,  20), ( 30, 128)

# STATIC ACHUNKS
ACHUNK:  70, (  0,   0, 256,  32), ( 52,  46)
ACHUNK: 100, (  0,   0, 512,  32), (136,  79)

# GLYPH ACHUNKS (9)
ACHUNK: 105, (  0,   0,  45,  64), (260,  25)
ACHUNK: 110, ( 45,   0,  77,  64), (305,  25)
ACHUNK: 115, ( 77,   0, 109,  64), (337,  25)
ACHUNK: 120, (109,   0, 142,  64), (369,  25)
ACHUNK: 125, (142,   0, 163,  64), (402,  25)
ACHUNK: 130, (163,   0, 175,  64), (423,  25)
ACHUNK: 135, (175,   0, 206,  64), (435,  25)
ACHUNK: 140, (206,   0, 229,  64), (466,  25)
ACHUNK: 145, (229,   0, 260,  64), (489,  25)

COLOR0: #C8BE8C
COLOR1: #FFFF64
