POS: 3
UN1: 100
UN2: 100

# UNKNOWN ACHUNK
ACHUNK: 345, (500,  90,  40,  40), ( 20, 128)

# STATIC ACHUNKS
ACHUNK:  90, (  0,   0, 256,  32), ( 32, 376)
ACHUNK: 120, (  0,   0, 512,  32), ( 95, 414)

# GLYPH ACHUNKS (8)
ACHUNK: 110, (  0,   0,  32,  64), (292, 354)
ACHUNK: 120, ( 32,   0,  63,  64), (324, 354)
ACHUNK: 130, ( 63,   0,  96,  64), (355, 354)
ACHUNK: 140, ( 96,   0, 117,  64), (388, 354)
ACHUNK: 150, (117,   0, 129,  64), (409, 354)
ACHUNK: 160, (129,   0, 164,  64), (421, 354)
ACHUNK: 170, (164,   0, 197,  64), (456, 354)
ACHUNK: 180, (197,   0, 228,  64), (489, 354)

COLOR0: #C8BE8C
COLOR1: #FFFF64
