POS: 3
UN1: 80
UN2: 85

# UNKNOWN ACHUNK
ACHUNK: 345, (500,  90,  40,  40), ( 20, 128)

# STATIC ACHUNKS
ACHUNK:  50, (  0,   0,   8,  32), ( 91, 372)
ACHUNK: 120, (  0,   0, 512,  32), (248, 414)

# GLYPH ACHUNKS (12)
ACHUNK:  85, (  0,   0,  34,  64), (107, 354)
ACHUNK:  90, ( 34,   0,  65,  64), (138, 354)
ACHUNK:  95, ( 65,   0,  98,  64), (169, 354)
ACHUNK: 100, ( 98,   0, 119,  64), (202, 354)
ACHUNK: 105, (119,   0, 142,  64), (223, 354)
ACHUNK: 110, (142,   0, 178,  64), (246, 354)
ACHUNK: 120, (178,   0, 210,  64), (292, 354)
ACHUNK: 125, (210,   0, 241,  64), (324, 354)
ACHUNK: 130, (241,   0, 274,  64), (355, 354)
ACHUNK: 135, (274,   0, 295,  64), (388, 354)
ACHUNK: 140, (295,   0, 342,  64), (409, 354)
ACHUNK: 145, (342,   0, 406,  64), (456, 354)

COLOR0: #C8BE8C
COLOR1: #FFFF64
