POS: 1
UN1: 80
UN2: 130

# UNKNOWN ACHUNK
ACHUNK:  15, (500,  90,  20,  30), ( 20, 128)

# STATIC ACHUNKS
ACHUNK:  60, (  0,   0, 256,  32), (  4,  48)
ACHUNK: 120, (  0,   0, 512,  32), (180,  78)

# GLYPH ACHUNKS (14)
ACHUNK:  90, (  0,   0,   7,  64), (148,  20)
ACHUNK:  95, (  7,   0,  25,  64), (156,  20)
ACHUNK: 100, ( 25,   0,  32,  64), (173,  20)
ACHUNK: 105, ( 32,   0,  54,  64), (180,  20)
ACHUNK: 115, ( 54,   0,  77,  64), (209,  20)
ACHUNK: 120, ( 77,   0,  99,  64), (232,  20)
ACHUNK: 130, ( 99,   0, 127,  64), (260,  20)
ACHUNK: 135, (127,   0, 149,  64), (289,  20)
ACHUNK: 140, (149,   0, 181,  64), (310,  20)
ACHUNK: 150, (181,   0, 210,  64), (349,  20)
ACHUNK: 155, (210,   0, 234,  64), (378,  20)
ACHUNK: 160, (234,   0, 278,  64), (402,  20)
ACHUNK: 165, (278,   0, 322,  64), (446,  20)
ACHUNK: 170, (322,   0, 352,  64), (490,  20)

COLOR0: #C8BE8C
COLOR1: #FFFF64
