POS: 2
UN1: 80
UN2: 30

# UNKNOWN ACHUNK
ACHUNK: 340, (480,  90,  40,  40), ( 20, 128)

# STATIC ACHUNKS
ACHUNK:  40, (  0,   0,   8,  32), (120,   5)
ACHUNK: 120, (  0,   0, 256,  32), (247, 410)

# GLYPH ACHUNKS (13)
ACHUNK:  90, (  0,   0,  33,  64), (120, 354)
ACHUNK:  95, ( 33,   0,  66,  64), (150, 354)
ACHUNK: 100, ( 66,   0,  96,  64), (183, 354)
ACHUNK: 105, ( 96,   0, 129,  64), (213, 354)
ACHUNK: 110, (129,   0, 154,  64), (246, 354)
ACHUNK: 115, (154,   0, 186,  64), (271, 354)
ACHUNK: 120, (186,   0, 221,  64), (303, 354)
ACHUNK: 130, (221,   0, 256,  64), (348, 354)
ACHUNK: 135, (256,   0, 288,  64), (383, 354)
ACHUNK: 145, (288,   0, 363,  64), (425, 354)
ACHUNK: 150, (363,   0, 409,  64), (500, 354)
ACHUNK: 155, (409,   0, 419,  64), (545, 354)
ACHUNK: 160, (419,   0, 480,  64), (556, 354)

COLOR0: #C8BE8C
COLOR1: #FFFF64
