POS: 2
UN1: 80
UN2: 30

# UNKNOWN ACHUNK
ACHUNK: 340, (480,  90,  40,  40), ( 20, 128)

# STATIC ACHUNKS
ACHUNK:  40, (  0,   0,   8,  32), (120,   5)
ACHUNK: 120, (  0,   0, 256,  32), (240, 410)

# GLYPH ACHUNKS (13)
ACHUNK:  90, (  0,   0,  30,  64), (120, 352)
ACHUNK:  95, ( 30,   0,  63,  64), (148, 352)
ACHUNK: 100, ( 63,   0,  82,  64), (180, 352)
ACHUNK: 105, ( 82,   0, 133,  64), (199, 352)
ACHUNK: 110, (133,   0, 143,  64), (250, 352)
ACHUNK: 120, (143,   0, 204,  64), (269, 352)
ACHUNK: 130, (204,   0, 244,  64), (340, 352)
ACHUNK: 140, (244,   0, 307,  64), (388, 352)
ACHUNK: 145, (307,   0, 339,  64), (452, 352)
ACHUNK: 150, (339,   0, 380,  64), (484, 352)
ACHUNK: 155, (380,   0, 409,  64), (524, 352)
ACHUNK: 160, (409,   0, 451,  64), (553, 352)
ACHUNK: 165, (451,   0, 480,  64), (596, 352)

COLOR0: #C8BE8C
COLOR1: #FFFF64
