POS: 0
UN1: 80
UN2: 20

# UNKNOWN ACHUNK
ACHUNK:  10, (520,  90,  30,  40), ( 30, 150)

# STATIC ACHUNKS
ACHUNK:  40, (  0,   0,   8,  32), (120,  44)
ACHUNK: 120, (  0,   0, 256,  32), (216,  78)

# GLYPH ACHUNKS (11)
ACHUNK:  90, (  0,   0,  34,  64), (120,  24)
ACHUNK:  95, ( 34,   0,  65,  64), (151,  24)
ACHUNK: 100, ( 65,   0,  98,  64), (182,  24)
ACHUNK: 105, ( 98,   0, 119,  64), (215,  24)
ACHUNK: 110, (119,   0, 142,  64), (236,  24)
ACHUNK: 115, (142,   0, 178,  64), (259,  24)
ACHUNK: 125, (178,   0, 211,  64), (305,  24)
ACHUNK: 130, (211,   0, 244,  64), (338,  24)
ACHUNK: 135, (244,   0, 287,  64), (371,  24)
ACHUNK: 140, (287,   0, 320,  64), (414,  24)
ACHUNK: 145, (320,   0, 386,  64), (447,  24)

COLOR0: #C8BE8C
COLOR1: #FFFF64
