POS: 2
UN1: 80
UN2: 25

# UNKNOWN ACHUNK
ACHUNK: 340, (460,  90,  30,  40), ( 20, 128)

# STATIC ACHUNKS
ACHUNK:  40, (  0,   0,   8,  32), (120,   5)
ACHUNK: 120, (  0,   0, 256,  32), (210, 408)

# GLYPH ACHUNKS (11)
ACHUNK:  85, (  0,   0,  37,  64), (120, 354)
ACHUNK:  90, ( 37,   0,  54,  64), (157, 354)
ACHUNK:  95, ( 54,   0,  90,  64), (174, 354)
ACHUNK: 105, ( 90,   0, 119,  64), (220, 354)
ACHUNK: 110, (119,   0, 150,  64), (249, 354)
ACHUNK: 115, (150,   0, 184,  64), (280, 354)
ACHUNK: 120, (184,   0, 205,  64), (314, 354)
ACHUNK: 125, (205,   0, 238,  64), (335, 354)
ACHUNK: 130, (238,   0, 264,  64), (368, 354)
ACHUNK: 135, (264,   0, 264,  64), (394, 354)
ACHUNK: 140, (264,   0, 264,  64), (394, 354)

COLOR0: #C8BE8C
COLOR1: #FFFF64
