POS: 2
UN1: 80
UN2: 25

# UNKNOWN ACHUNK
ACHUNK: 345, (580,  90,  30,  40), ( 30, 128)

# STATIC ACHUNKS
ACHUNK:  40, (  0,   0,   8,  32), (120,   5)
ACHUNK: 120, (  0,   0, 256,  32), (248, 408)

# GLYPH ACHUNKS (8)
ACHUNK: 100, (  0,   0,  59,  64), (120, 352)
ACHUNK: 110, ( 59,   0,  77,  64), (179, 352)
ACHUNK: 120, ( 77,   0, 137,  64), (197, 352)
ACHUNK: 140, (137,   0, 197,  64), (266, 352)
ACHUNK: 160, (197,   0, 236,  64), (335, 352)
ACHUNK: 180, (236,   0, 329,  64), (383, 352)
ACHUNK: 190, (329,   0, 408,  64), (476, 352)
ACHUNK: 200, (408,   0, 477,  64), (554, 352)

COLOR0: #C8BE8C
COLOR1: #FFFF64
