POS: 1
UN1: 80
UN2: 100

# UNKNOWN ACHUNK
ACHUNK:  15, (500,  90,  20,  30), ( 20, 128)

# STATIC ACHUNKS
ACHUNK:  70, (  0,   0, 256,  32), (117,  47)
ACHUNK: 120, (  0,   0, 512,  32), (131,  78)

# GLYPH ACHUNKS (8)
ACHUNK:  90, (  0,   0,  32,  64), (274,  24)
ACHUNK:  95, ( 32,   0,  65,  64), (306,  24)
ACHUNK: 100, ( 65,   0,  96,  64), (339,  24)
ACHUNK: 110, ( 96,   0, 129,  64), (380,  24)
ACHUNK: 115, (129,   0, 141,  64), (413,  24)
ACHUNK: 120, (141,   0, 172,  64), (425,  24)
ACHUNK: 125, (172,   0, 205,  64), (456,  24)
ACHUNK: 130, (205,   0, 236,  64), (489,  24)

COLOR0: #C8BE8C
COLOR1: #FFFF64
