POS: 2
UN1: 100
UN2: 40

# UNKNOWN ACHUNK
ACHUNK: 330, (480,  90,  40,  30), ( 20, 128)

# STATIC ACHUNKS
ACHUNK:  30, (  0,   0,   8,  32), (120,   5)
ACHUNK: 120, (  0,   0, 512,  32), (167, 406)

# GLYPH ACHUNKS (14)
ACHUNK:  90, (  0,   0,  25,  64), (120, 352)
ACHUNK:  95, ( 25,   0,  54,  64), (145, 352)
ACHUNK: 100, ( 54,   0,  77,  64), (174, 352)
ACHUNK: 110, ( 77,   0,  95,  64), (206, 352)
ACHUNK: 115, ( 95,   0, 123,  64), (224, 352)
ACHUNK: 120, (123,   0, 133,  64), (251, 352)
ACHUNK: 125, (133,   0, 189,  64), (262, 352)
ACHUNK: 130, (189,   0, 212,  64), (318, 352)
ACHUNK: 140, (212,   0, 272,  64), (350, 352)
ACHUNK: 150, (272,   0, 329,  64), (418, 352)
ACHUNK: 155, (329,   0, 356,  64), (476, 352)
ACHUNK: 165, (356,   0, 396,  64), (512, 352)
ACHUNK: 170, (396,   0, 423,  64), (551, 352)
ACHUNK: 175, (423,   0, 480,  64), (578, 352)

COLOR0: #C8BE8C
COLOR1: #FFFF64
