POS: 2
UN1: 90
UN2: 30

# UNKNOWN ACHUNK
ACHUNK: 340, (500,  90,  40,  40), ( 20, 128)

# STATIC ACHUNKS
ACHUNK:  40, (  0,   0,   8,  32), (120,   5)
ACHUNK: 120, (  0,   0, 512,  32), (164, 410)

# GLYPH ACHUNKS (12)
ACHUNK:  90, (  0,   0,  50,  64), (120, 354)
ACHUNK:  95, ( 50,   0,  81,  64), (170, 354)
ACHUNK: 100, ( 81,   0, 109,  64), (201, 354)
ACHUNK: 105, (109,   0, 140,  64), (229, 354)
ACHUNK: 110, (140,   0, 168,  64), (260, 354)
ACHUNK: 115, (168,   0, 200,  64), (288, 354)
ACHUNK: 120, (200,   0, 241,  64), (320, 354)
ACHUNK: 130, (241,   0, 304,  64), (370, 354)
ACHUNK: 140, (304,   0, 364,  64), (442, 354)
ACHUNK: 145, (364,   0, 395,  64), (503, 354)
ACHUNK: 150, (395,   0, 456,  64), (533, 354)
ACHUNK: 155, (456,   0, 480,  64), (594, 354)

COLOR0: #C8BE8C
COLOR1: #FFFF64
