POS: 2
UN1: 80
UN2: 50

# UNKNOWN ACHUNK
ACHUNK: 340, (380,  90,  40,  40), ( 20, 150)

# STATIC ACHUNKS
ACHUNK:  40, (  0,   0,   8,  32), (120,   5)
ACHUNK: 120, (  0,   0, 128,  32), (219, 410)

# GLYPH ACHUNKS (8)
ACHUNK:  90, (  0,   0,  37,  64), (120, 354)
ACHUNK:  95, ( 37,   0,  68,  64), (157, 354)
ACHUNK: 100, ( 68,   0,  80,  64), (188, 354)
ACHUNK: 105, ( 80,   0, 111,  64), (200, 354)
ACHUNK: 110, (111,   0, 144,  64), (231, 354)
ACHUNK: 115, (144,   0, 170,  64), (264, 354)
ACHUNK: 125, (170,   0, 244,  64), (300, 354)
ACHUNK: 130, (244,   0, 280,  64), (374, 354)

COLOR0: #C8BE8C
COLOR1: #FFFF64
