POS: 2
UN1: 80
UN2: 30

# UNKNOWN ACHUNK
ACHUNK: 340, (550,  90,  40,  40), ( 20, 128)

# STATIC ACHUNKS
ACHUNK:  40, (  0,   0,   8,  32), (120,   5)
ACHUNK: 120, (  0,   0, 512,  32), (160, 408)

# GLYPH ACHUNKS (9)
ACHUNK:  85, (  0,   0,  38,  64), (120, 354)
ACHUNK:  90, ( 38,   0,  71,  64), (155, 354)
ACHUNK:  95, ( 71,   0,  92,  64), (188, 354)
ACHUNK: 100, ( 92,   0, 115,  64), (209, 354)
ACHUNK: 105, (115,   0, 148,  64), (232, 354)
ACHUNK: 110, (148,   0, 169,  64), (265, 354)
ACHUNK: 115, (169,   0, 200,  64), (286, 354)
ACHUNK: 120, (200,   0, 226,  64), (317, 354)
ACHUNK: 125, (226,   0, 226,  64), (343, 354)

COLOR0: #C8BE8C
COLOR1: #FFFF64
