POS: 2
UN1: 90
UN2: 50

# UNKNOWN ACHUNK
ACHUNK: 340, (500,  90,  40,  40), ( 20, 128)

# STATIC ACHUNKS
ACHUNK:  40, (  0,   0,   8,  32), (120,   5)
ACHUNK: 120, (  0,   0, 256,  32), (210, 410)

# GLYPH ACHUNKS (11)
ACHUNK:  90, (  0,   0,  34,  64), (120, 354)
ACHUNK:  95, ( 34,   0,  67,  64), (151, 354)
ACHUNK: 100, ( 67,   0,  98,  64), (184, 354)
ACHUNK: 105, ( 98,   0, 121,  64), (215, 354)
ACHUNK: 110, (121,   0, 185,  64), (238, 354)
ACHUNK: 115, (185,   0, 221,  64), (302, 354)
ACHUNK: 125, (221,   0, 289,  64), (348, 354)
ACHUNK: 135, (289,   0, 332,  64), (426, 354)
ACHUNK: 140, (332,   0, 344,  64), (469, 354)
ACHUNK: 145, (344,   0, 393,  64), (481, 354)
ACHUNK: 150, (393,   0, 426,  64), (530, 354)

COLOR0: #C8BE8C
COLOR1: #FFFF64
