POS: 2
UN1: 80
UN2: 30

# UNKNOWN ACHUNK
ACHUNK: 340, (580,  90,  40,  40), ( 20, 128)

# STATIC ACHUNKS
ACHUNK:  40, (  0,   0,   8,  32), (120,   5)
ACHUNK: 120, (  0,   0, 512,  32), (181, 410)

# GLYPH ACHUNKS (9)
ACHUNK:  80, (  0,   0,  38,  64), (120, 354)
ACHUNK:  90, ( 38,   0,  69,  64), (155, 354)
ACHUNK: 100, ( 69,   0, 102,  64), (186, 354)
ACHUNK: 120, (102,   0, 147,  64), (229, 354)
ACHUNK: 130, (147,   0, 181,  64), (274, 354)
ACHUNK: 140, (181,   0, 216,  64), (308, 354)
ACHUNK: 150, (216,   0, 242,  64), (343, 354)
ACHUNK: 160, (242,   0, 268,  64), (369, 354)
ACHUNK: 170, (268,   0, 268,  64), (395, 354)

COLOR0: #C8BE8C
COLOR1: #FFFF64
