POS: 1
UN1: 80
UN2: 100

# UNKNOWN ACHUNK
ACHUNK:  15, (700,  70,  20,  30), ( 20, 128)

# STATIC ACHUNKS
ACHUNK:  80, (  0,   0, 256,  32), (117,  45)
ACHUNK: 120, (  0,   0, 512,  32), (105,  78)

# GLYPH ACHUNKS (7)
ACHUNK: 108, (  0,   0,  33,  64), (345,  22)
ACHUNK: 116, ( 33,   0,  66,  64), (378,  22)
ACHUNK: 124, ( 66,   0,  89,  64), (411,  22)
ACHUNK: 132, ( 89,   0, 101,  64), (434,  22)
ACHUNK: 140, (101,   0, 133,  64), (446,  22)
ACHUNK: 148, (133,   0, 164,  64), (478,  22)
ACHUNK: 156, (164,   0, 175,  64), (509,  22)

COLOR0: #C8BE8C
COLOR1: #FFFF64
