POS: 3
UN1: 80
UN2: 200

# UNKNOWN ACHUNK
ACHUNK: 345, (400,  90,  40,  40), ( 20, 128)

# STATIC ACHUNKS
ACHUNK:  50, (  0,   0,   8,  32), (104, 370)
ACHUNK: 120, (  0,   0, 128,  32), (300, 412)

# GLYPH ACHUNKS (8)
ACHUNK:  90, (  0,   0,  33,  64), (120, 354)
ACHUNK:  95, ( 33,   0,  66,  64), (153, 354)
ACHUNK: 100, ( 66,   0,  97,  64), (186, 354)
ACHUNK: 105, ( 97,   0, 147,  64), (217, 354)
ACHUNK: 115, (147,   0, 215,  64), (277, 354)
ACHUNK: 125, (215,   0, 293,  64), (355, 354)
ACHUNK: 130, (293,   0, 326,  64), (433, 354)
ACHUNK: 135, (326,   0, 380,  64), (466, 354)

COLOR0: #C8BE8C
COLOR1: #FFFF64
