POS: 2
UN1: 80
UN2: 30

# UNKNOWN ACHUNK
ACHUNK: 340, (480,  90,  30,  50), ( 20, 128)

# STATIC ACHUNKS
ACHUNK:  40, (  0,   0,   8,  32), (120,   5)
ACHUNK: 120, (  0,   0, 256,  32), (246, 410)

# GLYPH ACHUNKS (12)
ACHUNK:  90, (  0,   0,  43,  64), (120, 354)
ACHUNK:  95, ( 43,   0,  76,  64), (163, 354)
ACHUNK: 100, ( 76,   0, 102,  64), (196, 354)
ACHUNK: 105, (102,   0, 125,  64), (222, 354)
ACHUNK: 110, (125,   0, 137,  64), (245, 354)
ACHUNK: 115, (137,   0, 148,  64), (257, 354)
ACHUNK: 120, (148,   0, 159,  64), (268, 354)
ACHUNK: 125, (159,   0, 195,  64), (279, 354)
ACHUNK: 135, (195,   0, 263,  64), (325, 354)
ACHUNK: 145, (263,   0, 342,  64), (403, 354)
ACHUNK: 150, (342,   0, 363,  64), (482, 354)
ACHUNK: 155, (363,   0, 407,  64), (503, 354)

COLOR0: #C8BE8C
COLOR1: #FFFF64
