POS: 2
UN1: 80
UN2: 30

# UNKNOWN ACHUNK
ACHUNK: 340, (500,  90,  30,  40), ( 20, 128)

# STATIC ACHUNKS
ACHUNK:  40, (  0,   0,   8,  32), (120,   5)
ACHUNK: 120, (  0,   0, 256,  32), (255, 410)

# GLYPH ACHUNKS (8)
ACHUNK:  90, (  0,   0,  65,  64), (120, 354)
ACHUNK:  95, ( 65,   0, 133,  64), (185, 354)
ACHUNK: 105, (133,   0, 201,  64), (263, 354)
ACHUNK: 110, (201,   0, 212,  64), (331, 354)
ACHUNK: 120, (212,   0, 286,  64), (352, 354)
ACHUNK: 125, (286,   0, 350,  64), (426, 354)
ACHUNK: 130, (350,   0, 381,  64), (490, 354)
ACHUNK: 135, (381,   0, 428,  64), (521, 354)

COLOR0: #C8BE8C
COLOR1: #FFFF64
