POS: 3
UN1: 80
UN2: 65

# UNKNOWN ACHUNK
ACHUNK: 345, (500,  90,  30,  40), ( 20, 128)

# STATIC ACHUNKS
ACHUNK:  70, (  0,   0, 256,  32), ( 24, 376)
ACHUNK: 120, (  0,   0, 256,  32), (150, 410)

# GLYPH ACHUNKS (10)
ACHUNK:  95, (  0,   0,  31,  64), (290, 350)
ACHUNK: 100, ( 31,   0,  54,  64), (321, 350)
ACHUNK: 105, ( 54,   0,  78,  64), (344, 350)
ACHUNK: 110, ( 78,   0,  97,  64), (368, 350)
ACHUNK: 115, ( 97,   0, 121,  64), (387, 350)
ACHUNK: 120, (121,   0, 147,  64), (411, 350)
ACHUNK: 125, (147,   0, 174,  64), (437, 350)
ACHUNK: 130, (174,   0, 196,  64), (464, 350)
ACHUNK: 135, (196,   0, 205,  64), (486, 350)
ACHUNK: 140, (205,   0, 230,  64), (495, 350)

COLOR0: #C8BE8C
COLOR1: #FFFF64
