POS: 2
UN1: 80
UN2: 30

# UNKNOWN ACHUNK
ACHUNK: 340, (480,  90,  40,  40), ( 20, 128)

# STATIC ACHUNKS
ACHUNK:  40, (  0,   0,   8,  32), (120,   5)
ACHUNK: 120, (  0,   0, 256,  32), (199, 410)

# GLYPH ACHUNKS (7)
ACHUNK: 100, (  0,   0,  91,  64), (120, 353)
ACHUNK: 110, ( 91,   0, 122,  64), (211, 353)
ACHUNK: 120, (122,   0, 178,  64), (242, 353)
ACHUNK: 140, (178,   0, 252,  64), (308, 353)
ACHUNK: 150, (252,   0, 263,  64), (382, 353)
ACHUNK: 160, (263,   0, 327,  64), (393, 353)
ACHUNK: 170, (327,   0, 363,  64), (457, 353)

COLOR0: #C8BE8C
COLOR1: #FFFF64
