POS: 2
UN1: 80
UN2: 30

# UNKNOWN ACHUNK
ACHUNK: 340, (480,  90,  30,  40), ( 20, 128)

# STATIC ACHUNKS
ACHUNK:  40, (  0,   0,   8,  32), (120,   5)
ACHUNK: 120, (  0,   0, 256,  32), (204, 410)

# GLYPH ACHUNKS (8)
ACHUNK:  90, (  0,   0,  79,  64), (120, 354)
ACHUNK:  95, ( 79,   0,  90,  64), (199, 354)
ACHUNK: 100, ( 90,   0, 133,  64), (210, 354)
ACHUNK: 105, (133,   0, 166,  64), (253, 354)
ACHUNK: 115, (166,   0, 234,  64), (296, 354)
ACHUNK: 125, (234,   0, 297,  64), (374, 354)
ACHUNK: 130, (297,   0, 370,  64), (437, 354)
ACHUNK: 135, (370,   0, 438,  64), (510, 354)

COLOR0: #C8BE8C
COLOR1: #FFFF64
