POS: 2
UN1: 80
UN2: 30

# UNKNOWN ACHUNK
ACHUNK: 340, (480,  90,  30,  50), ( 20, 128)

# STATIC ACHUNKS
ACHUNK:  40, (  0,   0,   8,  32), (120,   5)
ACHUNK: 120, (  0,   0, 256,  32), (223, 410)

# GLYPH ACHUNKS (13)
ACHUNK:  95, (  0,   0,  45,  64), (120, 354)
ACHUNK: 100, ( 45,   0,  78,  64), (160, 354)
ACHUNK: 105, ( 78,   0,  89,  64), (193, 354)
ACHUNK: 110, ( 89,   0, 100,  64), (204, 354)
ACHUNK: 115, (100,   0, 133,  64), (215, 354)
ACHUNK: 125, (133,   0, 168,  64), (258, 354)
ACHUNK: 130, (168,   0, 201,  64), (293, 354)
ACHUNK: 140, (201,   0, 239,  64), (336, 354)
ACHUNK: 145, (239,   0, 272,  64), (371, 354)
ACHUNK: 150, (272,   0, 295,  64), (404, 354)
ACHUNK: 155, (295,   0, 328,  64), (427, 354)
ACHUNK: 160, (328,   0, 349,  64), (460, 354)
ACHUNK: 165, (349,   0, 421,  64), (481, 354)

COLOR0: #C8BE8C
COLOR1: #FFFF64
