POS: 2
UN1: 80
UN2: 30

# UNKNOWN ACHUNK
ACHUNK: 340, (480,  90,  40,  40), ( 20, 128)

# STATIC ACHUNKS
ACHUNK:  40, (  0,   0,   8,  32), (120,   5)
ACHUNK: 120, (  0,   0, 128,  32), (218, 410)

# GLYPH ACHUNKS (7)
ACHUNK: 110, (  0,   0,  91,  64), (120, 353)
ACHUNK: 125, ( 91,   0, 122,  64), (211, 353)
ACHUNK: 140, (122,   0, 178,  64), (242, 353)
ACHUNK: 170, (178,   0, 251,  64), (308, 353)
ACHUNK: 185, (251,   0, 282,  64), (381, 353)
ACHUNK: 200, (282,   0, 348,  64), (412, 353)
ACHUNK: 215, (348,   0, 359,  64), (478, 353)

COLOR0: #C8BE8C
COLOR1: #FFFF64
