POS: 2
UN1: 80
UN2: 30

# UNKNOWN ACHUNK
ACHUNK: 340, (480,  90,  40,  40), ( 20, 128)

# STATIC ACHUNKS
ACHUNK:  40, (  0,   0,   8,  32), (120,   5)
ACHUNK: 120, (  0,   0, 256,  32), (262, 410)

# GLYPH ACHUNKS (12)
ACHUNK:  95, (  0,   0,  42,  64), (120, 354)
ACHUNK: 100, ( 42,   0,  74,  64), (162, 354)
ACHUNK: 105, ( 74,   0, 122,  64), (194, 354)
ACHUNK: 110, (122,   0, 134,  64), (242, 354)
ACHUNK: 115, (134,   0, 164,  64), (254, 354)
ACHUNK: 120, (164,   0, 200,  64), (284, 354)
ACHUNK: 130, (200,   0, 266,  64), (330, 354)
ACHUNK: 140, (266,   0, 310,  64), (406, 354)
ACHUNK: 145, (310,   0, 335,  64), (449, 354)
ACHUNK: 155, (335,   0, 399,  64), (485, 354)
ACHUNK: 160, (399,   0, 422,  64), (548, 354)
ACHUNK: 165, (422,   0, 479,  64), (571, 354)

COLOR0: #C8BE8C
COLOR1: #FFFF64
