POS: 2
UN1: 80
UN2: 30

# UNKNOWN ACHUNK
ACHUNK: 340, (500,  90,  40,  40), ( 20, 128)

# STATIC ACHUNKS
ACHUNK:  60, (  0,   0, 256,  32), (120, 376)
ACHUNK: 120, (  0,   0, 512,  32), (190, 410)

# GLYPH ACHUNKS (7)
ACHUNK: 100, (  0,   0,  29,  64), (327, 353)
ACHUNK: 110, ( 29,   0,  40,  64), (356, 353)
ACHUNK: 120, ( 40,   0,  75,  64), (367, 353)
ACHUNK: 130, ( 75,   0,  96,  64), (402, 353)
ACHUNK: 140, ( 96,   0, 129,  64), (423, 353)
ACHUNK: 150, (129,   0, 160,  64), (456, 353)
ACHUNK: 160, (160,   0, 183,  64), (487, 353)

COLOR0: #C8BE8C
COLOR1: #FFFF64
