POS: 2
UN1: 80
UN2: 60

# UNKNOWN ACHUNK
ACHUNK: 340, (350,  90,  30,  40), ( 30, 128)

# STATIC ACHUNKS
ACHUNK:  40, (  0,   0,   8,  32), (120,   5)
ACHUNK: 120, (  0,   0, 128,  32), (221, 410)

# GLYPH ACHUNKS (7)
ACHUNK:  90, (  0,   0,  34,  64), (120, 354)
ACHUNK:  95, ( 34,   0,  67,  64), (151, 354)
ACHUNK: 100, ( 67,   0,  93,  64), (184, 354)
ACHUNK: 105, ( 93,   0, 129,  64), (210, 354)
ACHUNK: 115, (129,   0, 197,  64), (256, 354)
ACHUNK: 125, (197,   0, 275,  64), (334, 354)
ACHUNK: 130, (275,   0, 311,  64), (412, 354)

COLOR0: #C8BE8C
COLOR1: #FFFF64
