POS: 2
UN1: 80
UN2: 30

# UNKNOWN ACHUNK
ACHUNK: 340, (480,  90,  30,  50), ( 20, 128)

# STATIC ACHUNKS
ACHUNK:  40, (  0,   0,   8,  32), (120,   5)
ACHUNK: 120, (  0,   0, 256,  32), (246, 412)

# GLYPH ACHUNKS (12)
ACHUNK:  95, (  0,   0,  27,  64), (120, 356)
ACHUNK: 100, ( 27,   0,  57,  64), (147, 356)
ACHUNK: 105, ( 57,   0,  79,  64), (177, 356)
ACHUNK: 110, ( 79,   0, 133,  64), (199, 356)
ACHUNK: 115, (133,   0, 160,  64), (253, 356)
ACHUNK: 125, (160,   0, 217,  64), (288, 356)
ACHUNK: 135, (217,   0, 256,  64), (353, 356)
ACHUNK: 140, (256,   0, 277,  64), (392, 356)
ACHUNK: 150, (277,   0, 339,  64), (422, 356)
ACHUNK: 155, (339,   0, 394,  64), (484, 356)
ACHUNK: 160, (394,   0, 430,  64), (539, 356)
ACHUNK: 165, (430,   0, 480,  64), (575, 356)

COLOR0: #C8BE8C
COLOR1: #FFFF64
