POS: 3
UN1: 100
UN2: 80

# UNKNOWN ACHUNK
ACHUNK: 350, (500,  90,  40,  30), ( 20, 128)

# STATIC ACHUNKS
ACHUNK:  90, (  0,   0, 256,  32), ( 55, 376)
ACHUNK: 100, (  0,   0, 512,  32), ( 85, 412)

# GLYPH ACHUNKS (7)
ACHUNK:  95, (  0,   0,  33,  64), (315, 354)
ACHUNK: 100, ( 33,   0,  66,  64), (348, 354)
ACHUNK: 105, ( 66,   0,  77,  64), (381, 354)
ACHUNK: 110, ( 77,   0, 109,  64), (392, 354)
ACHUNK: 115, (109,   0, 142,  64), (424, 354)
ACHUNK: 120, (142,   0, 173,  64), (457, 354)
ACHUNK: 125, (173,   0, 208,  64), (488, 354)

COLOR0: #C8BE8C
COLOR1: #FFFF64
