POS: 1
UN1: 80
UN2: 100

# UNKNOWN ACHUNK
ACHUNK:  15, (550,  90,  20,  30), ( 20, 128)

# STATIC ACHUNKS
ACHUNK:  60, (  0,   0,   8,  32), ( -4,  42)
ACHUNK: 120, (  0,   0, 256,  32), (220,  80)

# GLYPH ACHUNKS (14)
ACHUNK:  85, (  0,   0,  27,  64), ( 11,  24)
ACHUNK:  90, ( 27,   0,  38,  64), ( 39,  24)
ACHUNK: 100, ( 38,   0,  89,  64), ( 59,  24)
ACHUNK: 105, ( 89,   0, 121,  64), (110,  24)
ACHUNK: 110, (121,   0, 146,  64), (142,  24)
ACHUNK: 115, (146,   0, 158,  64), (167,  24)
ACHUNK: 120, (158,   0, 183,  64), (178,  24)
ACHUNK: 130, (183,   0, 216,  64), (213,  24)
ACHUNK: 135, (216,   0, 248,  64), (247,  24)
ACHUNK: 140, (248,   0, 259,  64), (279,  24)
ACHUNK: 150, (259,   0, 334,  64), (299,  24)
ACHUNK: 155, (334,   0, 371,  64), (374,  24)
ACHUNK: 160, (371,   0, 423,  64), (411,  24)
ACHUNK: 165, (423,   0, 480,  64), (463,  24)

COLOR0: #C8BE8C
COLOR1: #FFFF64
