POS: 3
UN1: 80
UN2: 95

# UNKNOWN ACHUNK
ACHUNK: 345, (500,  90,  30,  40), ( 20, 128)

# STATIC ACHUNKS
ACHUNK:  50, (  0,   0,   8,  32), (  4, 372)
ACHUNK: 120, (  0,   0, 256,  32), (228, 414)

# GLYPH ACHUNKS (12)
ACHUNK:  95, (  0,   0,  32,  64), ( 20, 354)
ACHUNK: 100, ( 32,   0,  65,  64), ( 52, 354)
ACHUNK: 105, ( 65,   0,  96,  64), ( 85, 354)
ACHUNK: 110, ( 96,   0, 113,  64), (116, 354)
ACHUNK: 115, (113,   0, 146,  64), (133, 354)
ACHUNK: 125, (146,   0, 214,  64), (176, 354)
ACHUNK: 135, (214,   0, 284,  64), (254, 354)
ACHUNK: 140, (284,   0, 307,  64), (324, 354)
ACHUNK: 145, (307,   0, 361,  64), (347, 354)
ACHUNK: 150, (361,   0, 395,  64), (401, 354)
ACHUNK: 155, (395,   0, 447,  64), (435, 354)
ACHUNK: 160, (447,   0, 479,  64), (487, 354)

COLOR0: #C8BE8C
COLOR1: #FFFF64
