POS: 0
UN1: 80
UN2: 20

# UNKNOWN ACHUNK
ACHUNK:  10, (520,  90,  30,  50), ( 40, 150)

# STATIC ACHUNKS
ACHUNK:  60, (  0,   0, 256,  32), (120,  47)
ACHUNK: 120, (  0,   0, 512,  32), (177,  82)

# GLYPH ACHUNKS (9)
ACHUNK:  90, (  0,   0,  38,  64), (341,  24)
ACHUNK:  95, ( 38,   0,  71,  64), (379,  24)
ACHUNK: 100, ( 71,   0,  94,  64), (412,  24)
ACHUNK: 105, ( 94,   0, 127,  64), (435,  24)
ACHUNK: 110, (127,   0, 148,  64), (468,  24)
ACHUNK: 115, (148,   0, 182,  64), (489,  24)
ACHUNK: 120, (182,   0, 213,  64), (523,  24)
ACHUNK: 125, (213,   0, 234,  64), (554,  24)
ACHUNK: 130, (234,   0, 267,  64), (575,  24)

COLOR0: #C8BE8C
COLOR1: #FFFF64
