POS: 2
UN1: 80
UN2: 30

# UNKNOWN ACHUNK
ACHUNK: 340, (550,  90,  30,  30), ( 20, 128)

# STATIC ACHUNKS
ACHUNK:  40, (  0,   0,   8,  32), (120,   5)
ACHUNK: 120, (  0,   0, 256,  32), (250, 410)

# GLYPH ACHUNKS (13)
ACHUNK:  85, (  0,   0,  28,  64), (120, 350)
ACHUNK:  90, ( 28,   0,  44,  64), (146, 350)
ACHUNK:  95, ( 44,   0,  69,  64), (162, 350)
ACHUNK: 100, ( 69,   0,  93,  64), (187, 350)
ACHUNK: 105, ( 93,   0, 139,  64), (211, 350)
ACHUNK: 110, (139,   0, 166,  64), (256, 350)
ACHUNK: 115, (166,   0, 209,  64), (284, 350)
ACHUNK: 120, (209,   0, 260,  64), (326, 350)
ACHUNK: 125, (260,   0, 304,  64), (378, 350)
ACHUNK: 135, (304,   0, 358,  64), (429, 350)
ACHUNK: 140, (358,   0, 395,  64), (483, 350)
ACHUNK: 145, (395,   0, 446,  64), (520, 350)
ACHUNK: 150, (446,   0, 480,  64), (571, 350)

COLOR0: #C8BE8C
COLOR1: #FFFF64
