POS: 2
UN1: 100
UN2: 60

# UNKNOWN ACHUNK
ACHUNK: 340, (560,  90,  10,  30), ( 40, 128)

# STATIC ACHUNKS
ACHUNK:  70, (  0,   0, 256,  32), (120, 377)
ACHUNK: 100, (  0,   0, 512,  32), (155, 406)

# GLYPH ACHUNKS (12)
ACHUNK:  85, (  0,   0,  33,  64), (331, 350)
ACHUNK:  90, ( 33,   0,  49,  64), (364, 350)
ACHUNK:  95, ( 49,   0,  73,  64), (380, 350)
ACHUNK: 100, ( 73,   0,  96,  64), (404, 350)
ACHUNK: 110, ( 96,   0, 128,  64), (434, 350)
ACHUNK: 115, (128,   0, 150,  64), (466, 350)
ACHUNK: 120, (150,   0, 177,  64), (489, 350)
ACHUNK: 125, (177,   0, 200,  64), (515, 350)
ACHUNK: 130, (200,   0, 236,  64), (539, 350)
ACHUNK: 135, (236,   0, 261,  64), (575, 350)
ACHUNK: 140, (261,   0, 284,  64), (599, 350)
ACHUNK: 145, (284,   0, 284,  64), (622, 350)

COLOR0: #C8BE8C
COLOR1: #FFFF64
