POS: 2
UN1: 100
UN2: 25

# UNKNOWN ACHUNK
ACHUNK: 340, (600,  90,  30,  40), ( 60, 128)

# STATIC ACHUNKS
ACHUNK:  70, (  0,   0, 256,  32), (120, 376)
ACHUNK: 120, (  0,   0, 400,  32), (178, 406)

# GLYPH ACHUNKS (9)
ACHUNK:  90, (  0,   0,  31,  64), (339, 350)
ACHUNK: 100, ( 31,   0,  39,  64), (370, 350)
ACHUNK: 110, ( 39,   0,  62,  64), (378, 350)
ACHUNK: 120, ( 62,   0, 111,  64), (401, 350)
ACHUNK: 130, (111,   0, 136,  64), (450, 350)
ACHUNK: 150, (136,   0, 186,  64), (483, 350)
ACHUNK: 170, (186,   0, 234,  64), (539, 350)
ACHUNK: 180, (234,   0, 242,  64), (588, 350)
ACHUNK: 190, (242,   0, 275,  64), (596, 350)

COLOR0: #C8BE8C
COLOR1: #FFFF64
